[0, 0, 0, 0, 0, 0, 0, 0, 0, 0, 0, 0, 0, 0, 0, 0, 0, 0, 0, 0, 0, 0, 0,
 0, 0, 0, 0, 0, 0, 0, 0, 0, 0, 0, 0, 0, 0, 0, 0, 0, 0, 0, 0, 0, 0, 0,
 0, 0, 0, 0, 0, 0, 0, 0, 0, 0, 0, 0, 0, 0, 0, 0, 0, 0, 0, 0, 0, 0, 0,
 0, 0, 0, 0, 0, 0, 0, 0, 0, 0, 0, 0, 0, 0, 0, 0, 0, 0, 0, 0, 0, 0, 0,
 0, 0, 0, 0, 0, 0, 0, 0, 0, 0, 0, 0, 0, 0, 0, 0, 0, 0, 0, 0, 0, 0, 0,
 0, 0, 0, 0, 0, 0, 0, 0, 0, 0, 0, 0, 0, 0, 0, 0, 0, 0, 0, 0, 0, 0, 0,
 0, 0, 0, 0, 0, 0, 0, 0, 0, 0, 0, 0, 0, 0, 0, 0, 0, 0, 0, 0, 0, 0, 0,
 0, 0, 0, 0, 0, 0, 0, 0, 0, 0, 0, 0, 0, 0, 0, 0, 0, 0, 0, 0, 0, 0,
 -457919308, -4934476, -4934476, -4934476, -4934476, -4934476,
 -4934476, -4934476, -4934476, -4934476, -4934476, -4934476,
 2125771956, 0, 0, 0, 0, 0, 0, 0, 0, 0, 0, 0, 0, 0, 0, 0, -1363888972,
 -4934476, -4934476, -4934476, -4934476, -4934476, -4934476, -4934476,
 -4934476, -4934476, -4934476, -4934476, 2075440308, 0, 0, 0, 0, 0, 0,
 0, 0, 0, 0, 0, 0, 0, 0, 0, 2025174453, -4934476, -4934476, -4934476,
 -4934476, -4934476, -4934476, -4934476, -4934476, -4934476, -4934476,
 -4934476, 2025174453, 0, 0, 0, 0, 0, 0, 0, 0, 0, 0, 0, 0, 0, 0, 0,
 1119270582, -4934476, -4934476, -4934476, -4934476, -4934476,
 -4934476, -4934476, -4934476, -4934476, -4934476, -4934476,
 1991488435, 0, 0, 0, 0, 0, 0, 0, 0, 0, 0, 0, 0, 0, 0, 0, 246855350,
 -38488908, -4934476, -4934476, -4934476, -4934476, -4934476, -4934476,
 -4934476, -4934476, -4934476, -4934476, 1941222580, 0, 0, 0, 0, 0, 0,
 0, 0, 0, 0, 0, 0, 0, 0, 0, 0, -709577548, -4934476, -4934476,
 -4934476, -4934476, -4934476, -4934476, -4934476, -4934476, -4934476,
 -4934476, 1890890932, 0, 0, 0, 0, 0, 0, 0, 0, 0, 0, 0, 0, 0, 0, 0, 0,
 -1615547212, -4934476, -4934476, -4934476, -4934476, -4934476,
 -4934476, -4934476, -4934476, -4934476, -4934476, 1790227636, 0, 0, 0,
 0, 0, 0, 0, 0, 0, 0, 0, 0, 0, 0, 0, 0, 1756607411, -4934476, -4934476,
 -4934476, -4934476, -4934476, -4934476, -4934476, -4934476, -4934476,
 -4934476, 1656009908, 0, 0, 0, 0, 0, 0, 0, 0, 0, 0, 0, 0, 0, 0, 0, 0,
 0, 0, 0, 0, 0, 0, 0, 0, 0, 0, 0, 0, 0, 0, 0, 0, 0, 0, 0, 0, 0, 0, 0,
 0, 0, 0, 0, 0, 0, 0, 0, 0, 0, 0, 0, 0, 0, 0, 0, 0, 0, 0, 0, 0, 0, 0,
 0, 0, 0, 0, 0, 0, 0, 0, 0, 0, 0, 0, 0, 0, 0, 0, 0, 0, 0, 0, 0, 0, 0,
 0, 0, 0, 0, 0, 0, 0, 0, 0, 0, 0, 0, 0, 0, 0, 0, 0, 0, 0, 0, 0, 0, 0,
 0, 0, 0, 0, 0, 0, 0, 0, 0, 0, 0, 0, 0, 0, 0, 0, 0, 0, 0, 0, 0, 0, 0,
 0, 0, 0, 0, 0, 0, 0, 0, 0, 0, 0, 0, 0, 0, 0, 0, 0, 0, 0, 0, 0, 0, 0,
 0, 0, 0, 0, 0, 0, 0, 0, 0, 0, 0, 0, 0, 0, 0, 0, 0, 0, 0, 0, 0, 0, 0,
 0, 0, 0, 0, 0, 0, -457919308, -4934476, -4934476, -4934476, -4934476,
 -4934476, -4934476, -4934476, -4934476, -4934476, -4934476, -4934476,
 2125771956, 0, 0, 0, 0, 0, 0, 0, 0, 0, 0, 0, 0, 0, 0, 0, -1363888972,
 -4934476, -4934476, -4934476, -4934476, -4934476, -4934476, -4934476,
 -4934476, -4934476, -4934476, -4934476, 2075440308, 0, 0, 0, 0, 0, 0,
 0, 0, 0, 0, 0, 0, 0, 0, 0, 2025174453, -4934476, -4934476, -4934476,
 -4934476, -4934476, -4934476, -4934476, -4934476, -4934476, -4934476,
 -4934476, 2025174453, 0, 0, 0, 0, 0, 0, 0, 0, 0, 0, 0, 0, 0, 0, 0,
 1119270582, -4934476, -4934476, -4934476, -4934476, -4934476,
 -4934476, -4934476, -4934476, -4934476, -4934476, -4934476,
 1991488435, 0, 0, 0, 0, 0, 0, 0, 0, 0, 0, 0, 0, 0, 0, 0, 246855350,
 -38488908, -4934476, -4934476, -4934476, -4934476, -4934476, -4934476,
 -4934476, -4934476, -4934476, -4934476, 1941222580, 0, 0, 0, 0, 0, 0,
 0, 0, 0, 0, 0, 0, 0, 0, 0, 0, -709577548, -4934476, -4934476,
 -4934476, -4934476, -4934476, -4934476, -4934476, -4934476, -4934476,
 -4934476, 1890890932, 0, 0, 0, 0, 0, 0, 0, 0, 0, 0, 0, 0, 0, 0, 0, 0,
 -1615547212, -4934476, -4934476, -4934476, -4934476, -4934476,
 -4934476, -4934476, -4934476, -4934476, -4934476, 1790227636, 0, 0, 0,
 0, 0, 0, 0, 0, 0, 0, 0, 0, 0, 0, 0, 0, 1756607411, -4934476, -4934476,
 -4934476, -4934476, -4934476, -4934476, -4934476, -4934476, -4934476,
 -4934476, 1656009908]
