[0, 0, 0, 0, 0, 0, 0, 0, 0, 0, 0, 0, 0, 0, 0, 0, 0, 0, 0, 0, 0, 0, 0,
 0, 0, 0, 0, 0, 0, 0, 0, 0, 0, 0, 0, 0, 0, 0, 0, 0, 0, 0, 0, 0, 0, 0,
 0, 0, 0, 0, 0, 0, 0, 0, 0, 0, 0, 0, 0, 0, 0, 0, 0, 0, 0, 0, 0, 0, 0,
 0, 0, 0, 0, 0, 0, 0, 0, 0, 0, 0, 0, 0, 0, 0, 0, 0, 0, 0, 0, 0, 0, 0,
 0, 0, 0, 0, 0, 0, 0, 0, 0, 0, 0, 0, 0, 0, 0, 0, 0, 0, 0, 0, 0, 0, 0,
 0, 0, 0, 0, 0, 0, 0, 0, 0, 0, 0, 0, 0, 0, 0, 0, 0, 0, 0, 0, 0, 0, 0,
 0, 0, 0, 0, 0, 0, 0, 0, 0, 0, 0, 0, 0, 0, 0, 0, 0, 0, 0, 0, 0, 0, 0,
 0, 0, 0, 0, 0, 0, 0, 0, 0, 0, 0, 0, 0, 0, 0, 0, 0, 0, 0, 0, 0, 0, 0,
 0, 0, 0, 0, 0, 0, 0, 0, 0, 0, 0, 0, 0, 0, 0, 0, 0, 0, 0, 0, 346465958,
 0, 0, 0, 0, 0, 0, 0, 0, 0, 0, 0, 0, 0, 0, 0, 0, 0, 0, 0, 0, 0, 0, 0,
 0, 0, 0, 61516458, 614704035, 0, -1197169500, -5987164, -5987164,
 -5987164, -5987164, -5987164, -5987164, -5987164, -5987164, -5987164,
 -5987164, -5987164, -5987164, -5987164, -5987164, -5987164, -5987164,
 -5987164, 0, 0, 0, 0, 0, 0, 0, 93952409, 0, 0, 748855970, -56318812,
 -5987164, -5987164, -5987164, -5987164, -5987164, -5987164, -5987164,
 -5987164, -5987164, -5987164, -5987164, -5987164, -5987164, -5987164,
 -5987164, -5987164, 0, 0, 0, 0, 0, 0, 0, 0, 0, 0, 0, -1700485980,
 -5987164, -5987164, -5987164, -5987164, -5987164, -5987164, -5987164,
 -5987164, -5987164, -5987164, -5987164, -5987164, -5987164, -5987164,
 -5987164, -5987164, 0, 0, 0, 0, 0, 0, 0, 0, 0, 0, 0, 413114271,
 -224090972, -5987164, -5987164, -5987164, -5987164, -5987164,
 -5987164, -5987164, -5987164, -5987164, -5987164, -5987164, -5987164,
 -5987164, -5987164, -5987164, 0, 0, 0, 0, 0, 0, 0, 0, 0, 0, 0, 0,
 2091230629, -5987164, -5987164, -5987164, -5987164, -5987164,
 -5987164, -5987164, -5987164, -5987164, -5987164, -5987164, -5987164,
 -5987164, -5987164, -5987164, 0, 0, 0, 0, 0, 0, 0, 0, 0, 0, 0, 0,
 177838489, -475749212, -5987164, -5987164, -5987164, -5987164,
 -5987164, -5987164, -5987164, -5987164, -5987164, -5987164, -5987164,
 -5987164, -5987164, -5987164, 0, 0, 0, 0, 0, 0, 0, 0, 0, 0, 0, 0, 0,
 0, 0, 0, 0, 0, 0, 0, 0, 0, 0, 0, 0, 0, 0, 0, 0, 0, 0, 0, 0, 0, 0, 0,
 0, 0, 0, 0, 0, 0, 0, 0, 0, 0, 0, 0, 0, 0, 0, 0, 0, 0, 0, 0, 0, 0, 0,
 0, 0, 0, 0, 0, 0, 0, 0, 0, 0, 0, 0, 0, 0, 0, 0, 0, 0, 0, 0, 0, 0, 0,
 0, 0, 0, 0, 0, 0, 0, 0, 0, 0, 0, 0, 0, 0, 0, 0, 0, 0, 0, 0, 0, 0, 0,
 0, 0, 0, 0, 0, 0, 0, 0, 0, 0, 0, 0, 0, 0, 0, 0, 0, 0, 0, 0, 0, 0, 0,
 0, 0, 0, 0, 0, 0, 0, 0, 0, 0, 0, 0, 0, 0, 0, 0, 0, 0, 0, 0, 0, 0, 0,
 0, 0, 0, 0, 0, 0, 0, 0, 0, 0, 0, 0, 0, 0, 0, 0, 0, 0, 0, 0, 0, 0, 0,
 0, 0, 0, 0, 0, 0, 0, 0, 0, 0, 0, 0, 0, 0, 0, 0, 0, 0, 0, 0, 0, 0, 0,
 0, 0, 0, 0, 0, 0, 0, 346465958, 0, 0, 0, 0, 0, 0, 0, 0, 0, 0, 0, 0, 0,
 0, 0, 0, 0, 0, 0, 0, 0, 0, 0, 0, 0, 0, 61516458, 614704035, 0,
 -1197169500, -5987164, -5987164, -5987164, -5987164, -5987164,
 -5987164, -5987164, -5987164, -5987164, -5987164, -5987164, -5987164,
 -5987164, -5987164, -5987164, -5987164, -5987164, 0, 0, 0, 0, 0, 0, 0,
 93952409, 0, 0, 748855970, -56318812, -5987164, -5987164, -5987164,
 -5987164, -5987164, -5987164, -5987164, -5987164, -5987164, -5987164,
 -5987164, -5987164, -5987164, -5987164, -5987164, -5987164, 0, 0, 0,
 0, 0, 0, 0, 0, 0, 0, 0, -1700485980, -5987164, -5987164, -5987164,
 -5987164, -5987164, -5987164, -5987164, -5987164, -5987164, -5987164,
 -5987164, -5987164, -5987164, -5987164, -5987164, -5987164, 0, 0, 0,
 0, 0, 0, 0, 0, 0, 0, 0, 413114271, -224090972, -5987164, -5987164,
 -5987164, -5987164, -5987164, -5987164, -5987164, -5987164, -5987164,
 -5987164, -5987164, -5987164, -5987164, -5987164, -5987164, 0, 0, 0,
 0, 0, 0, 0, 0, 0, 0, 0, 0, 2091230629, -5987164, -5987164, -5987164,
 -5987164, -5987164, -5987164, -5987164, -5987164, -5987164, -5987164,
 -5987164, -5987164, -5987164, -5987164, -5987164, 0, 0, 0, 0, 0, 0, 0,
 0, 0, 0, 0, 0, 177838489, -475749212, -5987164, -5987164, -5987164,
 -5987164, -5987164, -5987164, -5987164, -5987164, -5987164, -5987164,
 -5987164, -5987164, -5987164, -5987164]
